# epsilon_11 [-]
0.0000
0.0015
0.0030
0.0045
0.0060
0.0075
0.0090
0.0105
0.0120
0.0135
0.0150
0.0165
0.0180
0.0195
0.0210
0.0225
0.0240
0.0255
0.0270
0.0285
0.0300
0.0315
0.0330
0.0345
0.0360
0.0375
0.0390
0.0405
0.0420
0.0435
0.0450
0.0465
0.0480
0.0495
0.0510
0.0525
0.0540
0.0555
0.0570
0.0585
0.0600
0.0615
0.0630
0.0645
0.0660
0.0675
0.0690
0.0705
0.0720
0.0735
0.0750
0.0765
0.0780
0.0795
0.0810
0.0825
0.0840
0.0855
0.0870
0.0885
0.0900
0.0915
0.0930
0.0945
0.0960
0.0975
0.0990
0.1005
0.1020
0.1035
0.1050
0.1065
0.1080
0.1095
0.1110
0.1125
0.1140
0.1155
0.1170
0.1185
0.1200
0.1215
0.1230
0.1245
0.1260
0.1275
0.1290
0.1305
0.1320
0.1335
0.1350
0.1365
0.1380
0.1395
0.1410
0.1425
0.1440
0.1455
0.1470
0.1485
0.1500
0.1515
0.1530
0.1545
0.1560
0.1575
0.1590
0.1605
0.1620
0.1635
0.1650
0.1665
0.1680
0.1695
0.1710
0.1725
0.1740
0.1755
0.1770
0.1785
0.1800
0.1815
0.1830
0.1845
0.1860
0.1875
0.1890
0.1905
0.1920
0.1935
0.1950
0.1965
0.1980
0.1995
0.2010
0.2025
0.2040
0.2055
0.2070
0.2085
0.2100
0.2115
0.2130
0.2145
0.2160
0.2175
0.2190
0.2205
0.2220
0.2235
0.2250
0.2265
0.2280
0.2295
0.2310
0.2325
0.2340
0.2355
0.2370
0.2385
0.2400
0.2415
0.2430
0.2445
0.2460
0.2475
0.2490
0.2505
0.2520
0.2535
0.2550
0.2565
0.2580
0.2595
0.2610
0.2625
0.2640
0.2655
0.2670
0.2685
0.2700
0.2715
0.2730
0.2745
0.2760
0.2775
0.2790
0.2805
0.2820
0.2835
0.2850
0.2865
0.2880
0.2895
0.2910
0.2925
0.2940
0.2955
0.2970
0.2985
0.3000
0.3015
0.3030
0.3045
0.3060
0.3075
0.3090
0.3105
0.3120
0.3135
0.3150
0.3165
0.3180
0.3195
0.3210
0.3225
0.3240
0.3255
0.3270
0.3285
0.3300
0.3315
0.3330
0.3345
0.3360
0.3375
0.3390
0.3405
0.3420
0.3435
0.3450
0.3465
0.3480
0.3495
0.3510
0.3525
0.3540
0.3555
0.3570
0.3585
0.3600
0.3615
0.3630
0.3645
0.3660
0.3675
0.3690
0.3705
0.3720
0.3735
0.3750
0.3765
0.3780
0.3795
0.3810
0.3825
0.3840
0.3855
0.3870
0.3885
0.3900
0.3915
0.3930
0.3945
0.3960
0.3975
0.3990
0.4005
0.4020
0.4035
0.4050
0.4065
0.4080
0.4095
0.4110
0.4125
0.4140
0.4155
0.4170
0.4185
0.4200
0.4215
0.4230
0.4245
0.4260
0.4275
0.4290
0.4305
0.4320
0.4335
0.4350
0.4365
0.4380
0.4395
0.4410
0.4425
0.4440
0.4455
0.4470
0.4485
0.4500
0.4515
0.4530
0.4545
0.4560
0.4575
0.4590
0.4605
0.4620
0.4635
0.4650
0.4665
0.4680
0.4695
0.4710
0.4725
0.4740
0.4755
0.4770
0.4785
0.4800
0.4815
0.4830
0.4845
0.4860
0.4875
0.4890
0.4905
0.4920
0.4935
0.4950
0.4965
0.4980
0.4995
0.5010
0.5025
0.5040
0.5055
0.5070
0.5085
0.5100
0.5115
0.5130
0.5145
0.5160
0.5175
0.5190
0.5205
0.5220
0.5235
0.5250
0.5265
0.5280
0.5295
0.5310
0.5325
0.5340
0.5355
0.5370
0.5385
0.5400
0.5415
0.5430
0.5445
0.5460
0.5475
0.5490
0.5505
0.5520
0.5535
0.5550
0.5565
0.5580
0.5595
0.5610
0.5625
0.5640
0.5655
0.5670
0.5685
0.5700
0.5715
0.5730
0.5745
0.5760
0.5775
0.5790
0.5805
0.5820
0.5835
0.5850
0.5865
0.5880
0.5895
0.5910
0.5925
0.5940
0.5955
0.5970
0.5985
0.6000
0.6015
0.6030
0.6045
0.6060
0.6075
0.6090
0.6105
0.6120
0.6135
0.6150
0.6165
0.6180
0.6195
0.6210
0.6225
0.6240
0.6255
0.6270
0.6285
0.6300
0.6315
0.6330
0.6345
0.6360
0.6375
0.6390
0.6405
0.6420
0.6435
0.6450
0.6465
0.6480
0.6495
0.6510
0.6525
0.6540
0.6555
0.6570
0.6585
0.6600
0.6615
0.6630
0.6645
0.6660
0.6675
0.6690
0.6705
0.6720
0.6735
0.6750
0.6765
0.6780
0.6795
0.6810
0.6825
0.6840
0.6855
0.6870
0.6885
0.6900
0.6915
0.6930
0.6945
0.6960
0.6975
0.6990
0.7005
0.7020
0.7035
0.7050
0.7065
0.7080
0.7095
0.7110
0.7125
0.7140
0.7155
0.7170
0.7185
0.7200
0.7215
0.7230
0.7245
0.7260
0.7275
0.7290
0.7305
0.7320
0.7335
0.7350
0.7365
0.7380
0.7395
0.7410
0.7425
0.7440
0.7455
0.7470
0.7485
0.7500
0.7515
0.7530
0.7545
0.7560
0.7575
0.7590
0.7605
0.7620
0.7635
0.7650
0.7665
0.7680
0.7695
0.7710
0.7725
0.7740
0.7755
0.7770
0.7785
0.7800
0.7815
0.7830
0.7845
0.7860
0.7875
0.7890
0.7905
0.7920
0.7935
0.7950
0.7965
0.7980
0.7995
0.8010
0.8025
0.8040
0.8055
0.8070
0.8085
0.8100
0.8115
0.8130
0.8145
0.8160
0.8175
0.8190
0.8205
0.8220
0.8235
0.8250
0.8265
0.8280
0.8295
0.8310
0.8325
0.8340
0.8355
0.8370
0.8385
0.8400
0.8415
0.8430
0.8445
0.8460
0.8475
0.8490
0.8505
0.8520
0.8535
0.8550
0.8565
0.8580
0.8595
0.8610
0.8625
0.8640
0.8655
0.8670
0.8685
0.8700
0.8715
0.8730
0.8745
0.8760
0.8775
0.8790
0.8805
0.8820
0.8835
0.8850
0.8865
0.8880
0.8895
0.8910
0.8925
0.8940
0.8955
0.8970
0.8985
0.9000
0.9015
0.9030
0.9045
0.9060
0.9075
0.9090
0.9105
0.9120
0.9135
0.9150
0.9165
0.9180
0.9195
0.9210
0.9225
0.9240
0.9255
0.9270
0.9285
0.9300
0.9315
0.9330
0.9345
0.9360
0.9375
0.9390
0.9405
0.9420
0.9435
0.9450
0.9465
0.9480
0.9495
0.9510
0.9525
0.9540
0.9555
0.9570
0.9585
0.9600
0.9615
0.9630
0.9645
0.9660
0.9675
0.9690
0.9705
0.9720
0.9735
0.9750
0.9765
0.9780
0.9795
0.9810
0.9825
0.9840
0.9855
0.9870
0.9885
0.9900
0.9915
0.9930
0.9945
0.9960
0.9975
0.9990
1.0005
1.0020
1.0035
1.0050
1.0065
1.0080
1.0095
1.0110
1.0125
1.0140
1.0155
1.0170
1.0185
1.0200
1.0215
1.0230
1.0245
1.0260
1.0275
1.0290
1.0305
1.0320
1.0335
1.0350
1.0365
1.0380
1.0395
1.0410
1.0425
1.0440
1.0455
1.0470
1.0485
1.0500
1.0515
1.0530
1.0545
1.0560
1.0575
1.0590
1.0605
1.0620
1.0635
1.0650
1.0665
1.0680
1.0695
1.0710
1.0725
1.0740
1.0755
1.0770
1.0785
1.0800
1.0815
1.0830
1.0845
1.0860
1.0875
1.0890
1.0905
1.0920
1.0935
1.0950
1.0965
1.0980
1.0995
1.1010
1.1025
1.1040
1.1055
1.1070
1.1085
1.1100
1.1115
1.1130
1.1145
1.1160
1.1175
1.1190
1.1205
1.1220
1.1235
1.1250
1.1265
1.1280
1.1295
1.1310
1.1325
1.1340
1.1355
1.1370
1.1385
1.1400
1.1415
1.1430
1.1445
1.1460
1.1475
1.1490
1.1505
1.1520
1.1535
1.1550
1.1565
1.1580
1.1595
1.1610
1.1625
1.1640
1.1655
1.1670
1.1685
1.1700
1.1715
1.1730
1.1745
1.1760
1.1775
1.1790
1.1805
1.1820
1.1835
1.1850
1.1865
1.1880
1.1895
1.1910
1.1925
1.1940
1.1955
1.1970
1.1985
1.2000
1.2015
1.2030
1.2045
1.2060
1.2075
1.2090
1.2105
1.2120
1.2135
1.2150
1.2165
1.2180
1.2195
1.2210
1.2225
1.2240
1.2255
1.2270
1.2285
1.2300
1.2315
1.2330
1.2345
1.2360
1.2375
1.2390
1.2405
1.2420
1.2435
1.2450
1.2465
1.2480
1.2495
1.2510
1.2525
1.2540
1.2555
1.2570
1.2585
1.2600
1.2615
1.2630
1.2645
1.2660
1.2675
1.2690
1.2705
1.2720
1.2735
1.2750
1.2765
1.2780
1.2795
1.2810
1.2825
1.2840
1.2855
1.2870
1.2885
1.2900
1.2915
1.2930
1.2945
1.2960
1.2975
1.2990
1.3005
1.3020
1.3035
1.3050
1.3065
1.3080
1.3095
1.3110
1.3125
1.3140
1.3155
1.3170
1.3185
1.3200
1.3215
1.3230
1.3245
1.3260
1.3275
1.3290
1.3305
1.3320
1.3335
1.3350
1.3365
1.3380
1.3395
1.3410
1.3425
1.3440
1.3455
1.3470
1.3485
1.3500
1.3515
1.3530
1.3545
1.3560
1.3575
1.3590
1.3605
1.3620
1.3635
1.3650
1.3665
1.3680
1.3695
1.3710
1.3725
1.3740
1.3755
1.3770
1.3785
1.3800
1.3815
1.3830
1.3845
1.3860
1.3875
1.3890
1.3905
1.3920
1.3935
1.3950
1.3965
1.3980
1.3995
1.4010
1.4025
1.4040
1.4055
1.4070
1.4085
1.4100
1.4115
1.4130
1.4145
1.4160
1.4175
1.4190
1.4205
1.4220
1.4235
1.4250
1.4265
1.4280
1.4295
1.4310
1.4325
1.4340
1.4355
1.4370
1.4385
1.4400
1.4415
1.4430
1.4445
1.4460
1.4475
1.4490
1.4505
1.4520
1.4535
1.4550
1.4565
1.4580
1.4595
1.4610
1.4625
1.4640
1.4655
1.4670
1.4685
1.4700
1.4715
1.4730
1.4745
1.4760
1.4775
1.4790
1.4805
1.4820
1.4835
1.4850
1.4865
1.4880
1.4895
1.4910
1.4925
1.4940
1.4955
1.4970
1.4985
